# AREA  DAY   IDs of enemies that show up in a group

# 001 - GRASSLAND - Green Slime, Snake, Orcs (BOSS)
001      1    003 003 003
001      1    003 017 003
001      1    003 003 003 003 003
001      1    003 003 017 003
001      1    003 020 003
001      1    003 020 017
001      1    003 020 020 003
001      1    017 017
001      1    017 018 017
001      1    017 017 017
001      1    017 017 017 017
001      1    017 017 018 017 017
001      0    005 005 005
001      0    005 017 005
001      0    005 005 005 005 005
001      0    005 005 017 005
001      0    017 017
001      0    018 017 018
001      0    017 018 018 017
001      0    017 019 018
001      0    018 019 018
001      0    017 018 019 018 017
001      0    017 018 018 017 017
001      0    019 019 017
001      0    019 019 019

# 002 - FOREST - Green Slime, Wolf, Bees (BOSS)
002      1    003 003 003
002      1    003 003 003 003 003
002      1    003 003 006 003 003
002      1    006 007 006
002      1    006 007 006 007 006
002      1    006 006 006 006
002      1    006 008 006
002      1    006 008 007 006
002      1    006 007 008 007 006
002      1    008 008 006
002      1    008 008 008
002      1    009 009
002      1    009 006 009
002      1    009 009 009
002      0    005 005 005
002      0    005 005 005 005 005
002      0    005 005 007 005 005
002      0    007 006 007
002      0    007 006 007 006 007
002      0    007 007 007 007
002      0    009 009
002      0    009 007 009
002      0    009 009 009
002      0    009 009 009 009
002      0    009 009 009 009 009

# 003 - DESERT - Red Slime, Bee, Snakes (BOSS)
003      1    004 004 004
003      1    004 004 004 004 004
003      1    004 020 004
003      1    004 004 020 004 004
003      1    006 006
003      1    004 006 004 004
003      1    004 006 006 004
003      1    020 020 020
003      1    020 021 020
003      1    020 021 020 021 020
003      1    020 021 021 021 020
003      1    020 021 022 021 020
003      1    020 022 021
003      0    002 002 002
003      0    002 002 002 002 002
003      0    002 020 002
003      0    002 002 020 002 002
003      0    006 006
003      0    002 006 002 002
003      0    002 006 006 002
003      0    020 020 020
003      0    020 021 020 020
003      0    020 021 020 021 020
003      0    020 021 022 021 020
003      0    020 022 021

# 004 - HAUNTED - Gray Slime, Wisps, Imps (BOSS)
004      1    005 005 005
004      1    005 005 005 005 005
004      1    005 014 005
004      1    005 014 014 005
004      1    014 015 014
004      1    014 015 014 014
004      1    014 015 015 014
004      1    015 015 015
004      1    014 016 015
004      1    014 015 016 015 014
004      1    014 016 016
004      1    016 016 016
004      0    004 004 004
004      0    004 004 004 004 004
004      0    004 014 004
004      0    004 014 023
004      0    004 014 014 004
004      0    004 014 023 004
004      0    014 015 014
004      0    014 024 014
004      0    014 015 014 014
004      0    014 015 023 023
004      0    014 015 015 014
004      0    015 015 015
004      0    014 016 015
004      0    014 015 016 015 014
004      0    024 016 023
004      0    023 015 016 024 014
004      0    014 016 016
004      0    016 016 016 014
004      0    024 023
004      0    024 023 024 023
004      0    023 023
004      0    024 024
004      0    023 023 023 023
004      0    024 024 024 024

# 005 - DUNGEON - Red Slime, Wisps, Devils (BOSS)
005      1    005 005 005
005      1    005 005 005 005 005
005      1    005 011 005
005      1    011 011
005      1    011 011 011
005      1    011 011 011 011 011
005      1    011 012 011 011
005      1    011 012 012 011
005      1    011 012 011 012 011
005      1    011 012 012 012 011
005      1    012 012 012
005      1    013
005      1    013 013
005      1    012 013 011
005      1    012 013 011 011
005      1    011 012 013 012 011
005      0    004 004 004
005      0    004 004 004 004 004
005      0    004 023 004
005      0    004 023 024
005      0    023 024
005      0    023 023 023
005      0    024 023 024
005      0    004 023 024 023 004
005      0    011 011
005      0    011 011 011
005      0    011 023 011
005      0    011 011 011 011 011
005      0    011 023 011 024 011
005      0    011 012 011 011
005      0    011 012 012 011
005      0    011 012 024 011
005      0    011 012 011 012 011
005      0    011 012 012 012 011
005      0    012 012 012
005      0    012 012 012 024
005      0    013
005      0    023 024 013 024 023
005      0    023 013 023
005      0    013 013
005      0    013 013 024
005      0    012 013 011
005      0    012 013 011 011
005      0    011 012 013 012 011

# 006 - LAKE - Blue Slime, Imp, Wolves (BOSS)
006      1    002 002 002
006      1    002 002 002 002 002
006      1    002 009
006      1    002 009 009
006      1    009 009 009
006      1    009 009 009 009
006      1    009 009 009 009 009
006      1    009 010 009
006      1    009 009 010 009 009
006      1    009 014 010 014 009
006      1    009 015 010 015
006      1    009 010 010 009
006      1    010 010 010
006      1    002 014 002
006      1    002 014 009
006      1    002 014 014 002
006      1    002 014 014 009
006      1    015 015 015
006      1    014 015 009
006      1    014 015 015 009
006      1    014 015 015 014
006      1    015 015 015
006      0    005 005 005
006      0    005 005 005 005 005
006      0    002 009
006      0    002 009 009
006      0    009 009 009
006      0    009 009 009 009
006      0    009 009 009 009 009
006      0    009 010 009
006      0    009 009 010 009 009
006      0    009 014 010 014 009
006      0    009 015 010 015
006      0    009 010 010 009
006      0    010 010 010
006      0    002 014 002
006      0    002 014 009
006      0    002 014 014 002
006      0    002 014 014 009
006      0    015 015 015
006      0    014 015 009
006      0    014 015 015 009
006      0    014 015 015 014
006      0    015 015 015
