# ITEM  ENEMY+PROB
601     001 1.00    002 0.05    003 0.05    004 0.05    005 0.05    006 0.10    011 0.10    014 0.10    017 0.10    020 0.10
602     001 1.00    002 0.05    003 0.05    004 0.05    005 0.05    006 0.10    011 0.10    014 0.10    017 0.10    020 0.10
603     007 0.10    009 0.10    012 0.10    015 0.10    018 0.10    021 0.10    023 0.10
604     007 0.10    009 0.10    012 0.10    015 0.10    018 0.10    021 0.10    023 0.10
605     007 0.02    009 0.02    012 0.02    015 0.02    018 0.02    021 0.02    023 0.02    008 0.10    010 0.10    013 0.10    016 0.10    019 0.10    022 0.10    024 0.10
606     007 0.02    009 0.02    012 0.02    015 0.02    018 0.02    021 0.02    023 0.02    008 0.10    010 0.10    013 0.10    016 0.10    019 0.10    022 0.10    024 0.05
607     008 0.10    010 0.10    013 0.10    016 0.10    019 0.10    022 0.10    024 0.05
608     002 0.10    003 0.10    004 0.10    005 0.10 
609     018 0.10    010 0.15
610     002 0.10    003 0.10    004 0.10    005 0.10 
611     009 0.10    017 0.10
612     011 0.10    017 0.10
613     011 0.10    017 0.10
614     011 0.10    018 0.10
615     012 0.10    018 0.10
616     012 0.10    018 0.10
617     012 0.10    019 0.10
618     013 0.10    019 0.10
619     013 0.10    019 0.10
620     013 0.10
621     023 0.10    006 0.05    014 0.05    012 0.05    018 0.05
622     023 0.10    012 0.05    018 0.05
623     024 0.10    008 0.05
624     024 0.10    008 0.05
625     002 0.10    003 0.10    004 0.10    005 0.10
626     009 0.10    011 0.10    014 0.10    017 0.10
627     009 0.10    011 0.10    014 0.10    017 0.10
628     010 0.10    012 0.10    015 0.10    018 0.10
629     010 0.10    012 0.10    015 0.10    018 0.10
630     010 0.10    012 0.10    016 0.10    019 0.10
631     010 0.10    019 0.10
632     013 0.10    016 0.10
633     010 0.10    019 0.10
634     013 0.10    016 0.10
635     017 0.05
636     017 0.05
637     013 0.05    019 0.05
638     017 0.04    018 0.08
639     019 0.10
640     023 0.10    012 0.05    018 0.05    021 0.05
641     023 0.05    024 0.10    008 0.05
642     023 0.05    024 0.10    008 0.05
643     024 0.10
644     024 0.10
645     009 0.10
646     009 0.10
647     010 0.10
648     010 0.10
649     009 0.10
650     009 0.10
651     010 0.10
652     010 0.10
653     011 0.10
654     011 0.10
655     012 0.10
656     012 0.10
657     013 0.10
658     013 0.10
659     014 0.10
660     014 0.10
661     015 0.10
662     015 0.10
663     015 0.10
664     016 0.10
665     016 0.10
666     016 0.10
667     020 0.10
668     020 0.10
669     021 0.10
670     021 0.10
671     021 0.10
672     022 0.10
673     022 0.10
674     022 0.10
675     006 0.10
676     006 0.10
677     006 0.10
678     007 0.10
679     007 0.10
680     008 0.10
681     008 0.10
682     008 0.10
683     002 0.50    003 0.50    004 0.50    005 0.50
684     006 0.05    007 0.10    020 0.05    021 0.10
685     007 0.05    008 0.10    021 0.05    022 0.10
