# ITEM  COMPONENTS
001     608 611
002     001 625 667
003     002 626 684
004     003 627 645
005     004 628 646
006     005 629 609
007     006 630 651
008     007 632 652
009     008 634 658
010     009 620 634 658
051     608 611
052     051 625 659
053     052 626 653
054     053 627 654
055     054 628 685
056     055 629 609
057     056 630 655
058     057 631 656
059     058 633 657
060     059 620 633 657
101     608 611
102     101 612 621
103     102 613 640
104     103 614 622
105     104 615 671
106     105 616 641
107     106 617 623
108     107 618 643
109     108 619 624
110     109 620 619 674
151     608 611
152     151 612 667
153     152 613 640
154     153 614 684
155     154 615 671
156     155 616 642
157     156 617 669
158     157 618 644
159     158 619 672
160     159 620 619 672
201     608 611
202     201 612 675
203     202 613 676
204     203 614 677
205     204 615 678
206     205 616 679
207     206 617 680
208     207 618 681
209     208 619 682
210     209 620 619 682
251     608 611
252     251 625 659
253     252 626 660
254     253 627 661
255     254 628 662
256     255 629 663
257     256 630 664
258     257 631 665
259     258 632 666
260     259 620 632 666
501     601 683
502     602 683
503     603 683
504     604 683
505     605 683
506     606 683
507     607 683
